trip_id,route_id,service_id,trip_headsign,block_id,shape_id
597,11,1,Outbound,9405,2
971,13,1,Outbound,4402,69
2406,39,1,Outbound,9916,39
69,7,1,Inbound,4104,0
2356,14,2,Outbound,4405,48
2049,20,1,Inbound,9403,9
237,1,3,Outbound,6402,34
366,8,2,Inbound,4401,33
402,10,2,Outbound,6001,28
1369,21,1,Outbound,9901,29
2178,35,1,Inbound,1011,47
1690,5,1,Inbound,6002,22
52,7,1,Outbound,4101,4
1147,16,2,Inbound,6604,18
1705,5,1,Inbound,6001,22
986,13,1,Inbound,4402,21
2101,36,1,Inbound,4131,75
831,35,1,Inbound,1012,47
1473,2,1,Outbound,4103,32
1034,14,1,Inbound,4401,67
1398,1,1,Outbound,1202,34
148,8,1,Inbound,6203,33
1215,18,1,Inbound,6802,27
181,11,1,Inbound,9401,3
1076,15,1,Outbound,6402,53
714,33,3,Inbound,6603,78
1801,12,1,Outbound,6002,20
1059,14,3,Inbound,4402,72
1386,37,1,Inbound,9921,35
1632,28,1,Inbound,4201,13
819,35,1,Inbound,1012,47
410,13,2,Outbound,4404,68
2145,29,2,Outbound,4301,59
1840,12,3,Outbound,6003,20
2137,29,2,Outbound,4301,59
66,7,1,Inbound,4101,0
1172,16,3,Inbound,6601,18
399,10,2,Outbound,6001,28
1987,17,1,Inbound,6701,11
296,7,2,Inbound,4101,0
1941,15,3,Outbound,6401,53
1249,18,2,Inbound,6802,27
1572,5,3,Outbound,6001,1
231,1,2,Outbound,6401,34
1722,9,1,Outbound,1201,17
248,2,3,Outbound,1201,32
1054,14,2,Inbound,6204,72
113,8,1,Outbound,4407,8
551,16,2,Outbound,6601,14
760,35,1,Outbound,1012,5
493,10,2,Inbound,6003,7
204,16,1,Outbound,6601,42
1325,35,2,Inbound,1011,74
262,7,2,Outbound,4101,4
2150,29,2,Inbound,4301,56
951,10,1,Inbound,6822,7
1611,28,1,Outbound,4211,12
703,33,3,Outbound,6601,23
2157,18,3,Outbound,6801,15
206,16,1,Outbound,6605,42
748,35,1,Outbound,1012,5
157,11,1,Inbound,9405,3
767,35,1,Outbound,1013,5
77,7,1,Inbound,4104,0
2043,20,1,Inbound,9401,9
1789,10,3,Inbound,6003,7
362,8,2,Outbound,6203,8
2334,13,2,Outbound,4401,43
1294,35,2,Outbound,1011,19
87,7,1,Inbound,4102,0
176,11,1,Inbound,9402,3
2286,11,2,Outbound,6601,2
17,2,1,Outbound,6602,32
158,11,1,Inbound,9401,3
1186,16,3,Inbound,6603,18
1102,16,1,Inbound,6603,18
697,33,3,Outbound,6603,23
966,13,1,Outbound,4407,69
137,8,1,Inbound,6203,33
171,11,1,Inbound,9403,3
768,35,1,Outbound,1011,5
726,33,3,Inbound,6603,78
2277,11,2,Outbound,6602,2
1450,1,2,Inbound,6403,51
1892,14,1,Inbound,4401,67
1014,13,2,Inbound,4404,21
2285,11,2,Outbound,6605,2
253,2,3,Outbound,1201,32
1161,16,2,Inbound,6603,60
164,11,1,Inbound,9405,3
970,13,1,Outbound,4404,69
2278,11,2,Outbound,6603,2
930,10,1,Outbound,6804,28
1749,9,2,Outbound,1201,17
1755,9,2,Outbound,1201,17
2359,14,2,Outbound,4403,48
453,2,2,Outbound,1202,32
929,10,1,Outbound,6803,28
2268,35,1,Outbound,1011,5
2059,20,2,Outbound,9401,36
2304,11,2,Inbound,6601,3
342,7,3,Inbound,4102,0
824,35,1,Inbound,1011,47
285,7,2,Inbound,4102,0
46,7,1,Outbound,4103,4
443,14,3,Outbound,4401,48
210,16,1,Outbound,6603,42
1194,18,1,Outbound,6802,15
1376,21,1,Inbound,9902,31
247,2,3,Outbound,1201,32
1265,35,2,Outbound,1012,19
588,16,3,Outbound,6602,14
380,8,3,Outbound,4404,8
2311,11,2,Inbound,6603,3
725,33,3,Inbound,6602,78
1550,2,3,Inbound,6403,41
996,13,1,Inbound,4401,21
691,33,3,Outbound,6601,23
1720,9,1,Outbound,1201,17
1790,10,3,Inbound,6001,7
124,8,1,Outbound,4403,8
773,35,1,Outbound,1013,5
1679,5,1,Outbound,6002,1
1185,16,3,Inbound,6602,18
314,7,3,Outbound,4101,4
1578,5,3,Inbound,6001,22
1025,14,1,Outbound,4405,54
9,2,1,Outbound,6604,32
501,10,2,Inbound,6002,7
858,29,1,Outbound,4407,59
508,12,2,Outbound,6002,20
450,2,1,Outbound,6604,32
2078,20,3,Inbound,9401,9
472,29,1,Outbound,4404,59
2399,21,1,Inbound,9911,31
906,10,1,Outbound,6811,28
372,8,2,Inbound,4404,33
1200,18,1,Outbound,6802,15
86,7,1,Inbound,4101,0
1171,16,3,Inbound,6604,18
239,1,3,Outbound,6401,34
1069,15,1,Outbound,6401,53
1362,37,1,Outbound,9913,38
616,11,1,Outbound,9403,2
1962,15,3,Inbound,6403,40
808,35,1,Inbound,1013,47
1532,2,1,Inbound,4103,41
1880,13,3,Inbound,4403,21
1725,9,1,Outbound,1221,17
165,11,1,Inbound,9401,3
2283,11,2,Outbound,6603,2
914,10,1,Outbound,6804,28
1310,35,2,Inbound,1012,74
1184,16,3,Inbound,6601,18
1372,21,1,Outbound,9902,29
1328,35,2,Inbound,1012,74
409,10,2,Outbound,6002,28
923,10,1,Outbound,6803,28
1482,2,1,Outbound,4104,32
1612,28,1,Outbound,4211,12
1813,12,1,Inbound,6011,45
983,13,1,Inbound,4407,21
305,7,2,Inbound,4102,0
1134,16,2,Inbound,6601,18
1419,1,1,Inbound,1202,70
2361,14,2,Outbound,6201,48
1064,14,3,Inbound,4403,72
2374,14,2,Inbound,6201,72
1806,12,1,Outbound,6001,52
1364,37,1,Outbound,9902,38
1271,35,2,Outbound,1012,19
491,29,1,Inbound,4405,56
1127,16,1,Inbound,6603,18
524,12,2,Inbound,6003,24
1067,14,3,Inbound,4402,72
766,35,1,Outbound,1012,5
1080,15,1,Outbound,6402,53
195,14,1,Outbound,4404,54
1531,2,1,Inbound,6603,41
2167,18,3,Outbound,6801,15
2000,17,2,Outbound,6701,10
280,7,2,Outbound,4101,4
2314,11,2,Inbound,6601,3
486,29,1,Inbound,4406,56
1670,5,1,Outbound,6012,1
2042,20,1,Inbound,9404,9
2333,13,2,Outbound,4405,43
2107,36,2,Outbound,4131,76
1597,7,1,Inbound,4111,0
160,11,1,Inbound,9402,3
2307,11,2,Inbound,6604,3
2325,11,2,Inbound,6602,3
126,8,1,Inbound,4404,33
897,8,2,Inbound,4403,33
1140,16,2,Inbound,6602,18
505,12,2,Outbound,6002,20
955,10,1,Inbound,6804,7
494,10,2,Inbound,6001,7
147,8,1,Inbound,6202,33
287,7,2,Inbound,4102,0
854,29,1,Outbound,6203,59
217,16,1,Outbound,6602,42
934,10,1,Inbound,6801,7
1223,18,1,Inbound,6822,27
503,10,2,Inbound,6001,7
1413,1,1,Inbound,1201,70
2414,39,1,Inbound,9916,44
1535,2,1,Inbound,6601,41
215,16,1,Outbound,6603,42
580,16,3,Outbound,6602,14
490,29,1,Inbound,4403,56
1379,21,1,Inbound,9901,31
101,8,1,Outbound,4406,8
2376,14,2,Inbound,6203,72
755,35,1,Outbound,1013,5
1256,35,2,Outbound,1011,19
1595,7,1,Inbound,4102,0
1022,14,1,Outbound,4402,54
1982,17,1,Inbound,6701,11
2028,20,1,Outbound,9405,77
2128,11,1,Outbound,9403,2
520,12,2,Inbound,6002,24
420,13,2,Outbound,6201,43
1729,9,1,Inbound,1202,66
1587,7,1,Outbound,4102,4
2153,29,2,Inbound,4301,56
833,35,1,Inbound,1011,47
156,8,1,Inbound,4403,33
530,16,1,Outbound,6604,42
1126,16,1,Inbound,6602,18
2141,29,2,Outbound,4301,59
370,8,2,Inbound,4405,33
1220,18,1,Inbound,6801,27
2228,35,1,Outbound,1011,5
886,8,2,Outbound,6201,8
1093,15,2,Outbound,6403,53
1276,35,2,Outbound,1011,19
345,7,3,Inbound,4101,0
481,29,1,Inbound,4407,56
1640,8,1,Outbound,4402,8
2385,18,3,Inbound,6801,27
232,1,2,Outbound,6402,34
229,1,2,Outbound,6402,34
2086,23,3,Outbound,9901,55
558,16,2,Outbound,6603,14
119,8,1,Outbound,4402,8
2002,17,2,Inbound,6701,11
1423,1,1,Inbound,1202,70
1073,15,1,Outbound,6401,53
31,7,1,Outbound,4104,4
1110,16,1,Inbound,6601,18
1579,5,3,Inbound,6002,22
68,7,1,Inbound,4103,0
2231,35,1,Outbound,1012,5
286,7,2,Inbound,4101,0
1847,12,3,Inbound,6002,24
1624,28,1,Outbound,4221,12
1979,17,1,Inbound,6701,11
117,8,1,Outbound,6204,8
1346,35,2,Inbound,1012,74
1676,5,1,Outbound,6001,1
1886,14,1,Inbound,4403,67
2291,11,2,Outbound,6601,2
234,1,3,Outbound,6402,34
1797,12,1,Outbound,6002,52
1371,21,1,Outbound,9922,29
1655,5,2,Outbound,6002,1
2054,20,2,Outbound,9402,36
1272,35,2,Outbound,1011,19
893,8,2,Inbound,4404,33
1569,5,3,Outbound,6001,1
70,7,1,Inbound,4101,0
447,14,3,Outbound,4401,48
872,29,1,Inbound,6202,56
2084,23,3,Outbound,9901,55
1420,1,1,Inbound,1201,70
2063,20,2,Inbound,9401,9
1824,12,1,Inbound,6002,45
1610,28,1,Outbound,4211,12
484,29,1,Inbound,4402,56
756,35,1,Outbound,1011,5
1281,35,2,Outbound,1012,19
1974,17,1,Outbound,6701,10
387,8,3,Outbound,4403,8
902,8,3,Outbound,4401,8
1163,16,3,Outbound,6601,14
2120,36,2,Inbound,4131,75
309,7,3,Outbound,4102,4
579,16,3,Outbound,6601,14
1321,35,2,Inbound,1011,74
2148,29,2,Inbound,4301,56
26,2,1,Outbound,6601,32
1336,35,2,Inbound,1012,74
357,8,2,Outbound,4402,8
749,35,1,Outbound,1013,5
439,14,3,Outbound,4401,48
1985,17,1,Inbound,6701,11
609,11,1,Outbound,9403,2
1540,2,2,Inbound,6402,41
1144,16,2,Inbound,6601,18
1077,15,1,Outbound,6401,53
1741,9,1,Inbound,1212,66
109,8,1,Outbound,4403,8
556,16,2,Outbound,6601,14
473,29,1,Outbound,4406,59
1758,9,2,Inbound,1202,16
150,8,1,Inbound,4401,33
2048,20,1,Inbound,9402,9
1324,35,2,Inbound,1012,74
2127,11,1,Outbound,9404,2
1279,35,2,Outbound,1012,19
605,11,1,Outbound,9403,2
855,29,1,Outbound,4401,59
1986,17,1,Inbound,6701,11
2014,18,1,Inbound,6804,27
774,35,1,Outbound,1011,5
226,1,2,Outbound,6402,34
433,14,2,Outbound,6202,48
106,8,1,Outbound,6204,8
1684,5,1,Outbound,6001,1
44,7,1,Outbound,4101,4
1567,5,3,Outbound,6002,1
2338,13,2,Outbound,6201,43
1012,13,2,Inbound,6201,21
837,35,1,Inbound,1012,47
1481,2,1,Outbound,4103,32
356,8,2,Outbound,4405,8
2267,35,1,Outbound,1012,5
727,33,3,Inbound,6604,78
1659,5,2,Inbound,6003,22
1489,2,1,Inbound,6602,41
1045,14,2,Inbound,4404,72
1443,1,2,Inbound,1202,51
869,29,1,Inbound,4403,56
333,7,3,Inbound,4101,0
948,10,1,Inbound,6802,7
1361,37,1,Outbound,9912,83
1633,28,1,Inbound,4201,13
288,7,2,Inbound,4101,0
193,14,1,Outbound,4405,54
1464,2,1,Outbound,4102,32
1358,23,2,Inbound,9902,26
572,16,3,Outbound,6602,14
1106,16,1,Inbound,6602,18
1932,15,2,Inbound,6403,40
1541,2,2,Inbound,6403,41
1858,13,3,Outbound,4402,68
1685,5,1,Outbound,6022,1
270,7,2,Outbound,4101,4
377,8,2,Inbound,4404,33
694,33,3,Outbound,6604,23
104,8,1,Outbound,6202,8
228,1,2,Outbound,6401,34
1557,2,3,Inbound,6401,41
146,8,1,Inbound,6201,33
2366,14,2,Outbound,4401,48
59,7,1,Outbound,4101,4
2320,11,2,Inbound,6602,3
389,8,3,Inbound,4402,33
614,11,1,Outbound,9402,2
2177,35,1,Inbound,1012,47
30,7,1,Outbound,4103,4
1942,15,3,Outbound,6402,53
325,7,3,Outbound,4102,4
763,35,1,Outbound,1012,5
2310,11,2,Inbound,6602,3
771,35,1,Outbound,1011,5
1208,18,1,Inbound,6801,27
1832,12,3,Outbound,6001,20
1322,35,2,Inbound,1012,74
2181,35,1,Inbound,1012,47
235,1,3,Outbound,6403,34
1798,12,1,Outbound,6001,20
79,7,1,Inbound,4102,0
1899,14,1,Inbound,6201,67
1151,16,2,Inbound,6603,18
2377,14,2,Inbound,6204,72
1608,7,2,Inbound,4102,0
1031,14,1,Inbound,4401,67
1738,9,1,Inbound,1201,66
1975,17,1,Outbound,6701,10
1507,2,1,Inbound,6601,41
1252,35,2,Outbound,1011,19
1043,14,2,Inbound,4405,72
1944,15,3,Outbound,6401,53
1261,35,2,Outbound,1012,19
882,8,2,Outbound,6202,8
1250,23,3,Inbound,9901,26
475,29,1,Outbound,6203,59
1380,21,1,Inbound,9902,31
570,16,3,Outbound,6604,14
1307,35,2,Inbound,1011,74
2368,14,2,Outbound,4403,48
531,16,1,Outbound,6601,42
133,8,1,Inbound,4406,33
1947,15,3,Outbound,6401,53
2111,36,3,Outbound,4131,76
2040,20,1,Inbound,9402,9
254,7,2,Outbound,4101,4
1373,21,1,Outbound,9923,29
529,16,1,Outbound,6602,42
1802,12,1,Outbound,6001,20
38,7,1,Outbound,4103,4
883,8,2,Outbound,6204,8
2109,36,2,Inbound,4131,75
1502,2,1,Inbound,4104,41
238,1,3,Outbound,6403,34
1391,38,1,Inbound,9914,49
1511,2,1,Inbound,6603,41
1246,18,2,Inbound,6801,27
331,7,3,Inbound,4101,0
1026,14,1,Outbound,4406,54
2299,11,2,Outbound,6604,2
878,8,2,Outbound,4403,8
1435,1,1,Inbound,6604,82
772,35,1,Outbound,1012,5
514,12,2,Outbound,6002,20
1998,17,2,Outbound,6701,10
625,23,2,Inbound,9901,26
2316,11,2,Inbound,6603,3
891,8,2,Inbound,4405,33
688,33,3,Outbound,6602,23
1058,14,3,Inbound,4401,72
1773,10,3,Outbound,6002,28
548,16,2,Outbound,6603,14
1032,14,1,Inbound,4403,67
1001,13,1,Inbound,4403,21
769,35,1,Outbound,1012,5
1809,12,1,Outbound,6001,52
1205,18,1,Outbound,6822,15
1863,13,3,Outbound,4403,43
2099,36,1,Inbound,4101,63
973,13,1,Outbound,4406,69
1030,14,1,Outbound,6203,54
1318,35,2,Inbound,1012,74
456,2,2,Outbound,1201,32
1090,15,2,Outbound,6403,53
1945,15,3,Outbound,6402,53
78,7,1,Inbound,4101,0
2302,11,2,Inbound,6604,3
53,7,1,Outbound,4102,4
1406,1,1,Outbound,1211,34
371,8,2,Inbound,4402,33
979,13,1,Inbound,4405,21
566,16,2,Outbound,6601,14
465,2,2,Outbound,6403,32
1576,5,3,Inbound,6002,22
2126,11,1,Outbound,9402,2
908,10,1,Outbound,6812,28
139,8,1,Inbound,4401,33
1363,37,1,Outbound,9901,38
533,16,1,Outbound,6605,42
1248,18,2,Inbound,6801,27
2369,14,2,Inbound,4405,72
1807,12,1,Outbound,6022,52
848,7,3,Outbound,4102,4
1777,10,3,Outbound,6003,28
223,1,2,Outbound,6402,34
2402,39,1,Outbound,9915,39
219,16,1,Outbound,6601,42
1505,2,1,Inbound,6605,41
2113,36,3,Outbound,4131,76
2297,11,2,Outbound,6602,2
2398,37,1,Outbound,9911,38
813,35,1,Inbound,1012,47
1520,2,1,Inbound,4101,41
2064,20,2,Inbound,9401,9
297,7,2,Inbound,4102,0
279,7,2,Outbound,4101,4
1476,2,1,Outbound,4102,32
2348,13,2,Inbound,4401,21
1509,2,1,Inbound,6602,41
1784,10,3,Inbound,6001,7
1895,14,1,Inbound,4404,67
2354,13,2,Inbound,6203,21
2169,23,3,Outbound,9902,55
1621,28,1,Outbound,4221,12
1643,8,2,Inbound,6204,33
92,7,1,Inbound,4101,0
2217,35,1,Inbound,1012,47
1463,2,1,Outbound,4101,32
523,12,2,Inbound,6002,24
821,35,1,Inbound,1011,47
1109,16,1,Inbound,6605,18
1609,7,2,Inbound,4102,0
1552,2,3,Inbound,6402,41
240,1,3,Outbound,6402,34
1874,13,3,Inbound,4401,21
2158,18,3,Outbound,6802,15
1091,15,2,Outbound,6401,53
1400,1,1,Outbound,1202,34
762,35,1,Outbound,1011,5
261,7,2,Outbound,4102,4
2102,36,1,Outbound,4131,76
2335,13,2,Outbound,4402,43
2139,29,2,Outbound,4301,59
516,12,2,Inbound,6001,25
1130,16,1,Inbound,6601,18
1425,1,1,Inbound,1202,70
142,8,1,Inbound,4404,33
1573,5,3,Outbound,6002,1
740,35,1,Outbound,1013,5
197,14,1,Outbound,6204,54
1381,21,1,Inbound,9901,31
1678,5,1,Outbound,6001,1
50,7,1,Outbound,4103,4
1683,5,1,Outbound,6002,1
1710,9,1,Outbound,1201,17
306,7,2,Inbound,4101,0
521,12,2,Inbound,6003,24
1498,2,1,Inbound,4102,41
2309,11,2,Inbound,6601,3
1865,13,3,Outbound,4401,43
132,8,1,Inbound,4405,33
294,7,2,Inbound,4101,0
1332,35,2,Inbound,1012,74
876,29,1,Inbound,4406,56
1365,37,1,Outbound,9901,38
1037,14,1,Inbound,6204,67
1238,18,2,Outbound,6801,15
2331,13,2,Outbound,6203,43
199,14,1,Outbound,4404,54
177,11,1,Inbound,9404,3
1747,9,2,Outbound,1201,17
1903,15,1,Inbound,6411,40
581,16,3,Outbound,6603,14
1057,14,3,Inbound,4404,72
1831,12,3,Outbound,6003,20
1753,9,2,Outbound,1201,17
2098,20,1,Outbound,9402,64
2419,39,1,Inbound,9926,44
467,29,1,Outbound,4407,59
194,14,1,Outbound,4402,54
1195,18,1,Outbound,6803,15
960,33,3,Inbound,6601,78
1267,35,2,Outbound,1012,19
2131,11,1,Inbound,9404,3
2140,29,2,Outbound,4301,59
1704,5,1,Inbound,6002,22
396,8,3,Inbound,4401,33
312,7,3,Outbound,4101,4
337,7,3,Inbound,4101,0
747,35,1,Outbound,1011,5
2065,20,2,Inbound,9401,9
1390,37,1,Inbound,9923,50
526,12,2,Inbound,6002,24
2029,20,1,Outbound,9404,77
1800,12,1,Outbound,6001,20
250,2,3,Outbound,1201,32
2346,13,2,Inbound,6204,21
444,14,3,Outbound,4402,48
205,16,1,Outbound,6603,42
585,16,3,Outbound,6603,14
1446,1,2,Inbound,1201,51
1436,1,2,Inbound,1201,51
1668,5,1,Outbound,6011,1
1649,5,2,Outbound,6002,1
1159,16,2,Inbound,6601,6
2329,13,2,Outbound,6201,43
1834,12,3,Outbound,6003,20
1098,15,2,Outbound,6402,53
1538,2,2,Inbound,6403,41
1779,10,3,Outbound,6002,28
1469,2,1,Outbound,4103,32
1980,17,1,Inbound,6701,11
1405,1,1,Outbound,1212,34
363,8,2,Outbound,4404,8
2182,35,1,Inbound,1011,47
1424,1,1,Inbound,1201,70
1873,13,3,Inbound,4404,21
1524,2,1,Inbound,4103,41
1180,16,3,Inbound,6601,18
710,33,3,Inbound,6603,78
323,7,3,Outbound,4102,4
51,7,1,Outbound,4104,4
759,35,1,Outbound,1011,5
172,11,1,Inbound,9401,3
2339,13,2,Outbound,6202,43
2138,29,2,Outbound,4301,59
1727,9,1,Inbound,1202,66
920,10,1,Outbound,6804,28
1853,13,1,Outbound,6203,69
845,2,3,Outbound,1201,32
1070,15,1,Outbound,6402,53
10,2,1,Outbound,6605,32
1326,35,2,Inbound,1012,74
359,8,2,Outbound,6202,8
1393,1,1,Outbound,1201,34
988,13,1,Inbound,4404,21
18,2,1,Outbound,6603,32
1818,12,1,Inbound,6001,24
326,7,3,Outbound,4101,4
1258,35,2,Outbound,1011,19
1561,2,3,Inbound,6402,41
2093,23,2,Outbound,9901,55
125,8,1,Inbound,4403,33
1700,5,1,Inbound,6002,22
849,7,3,Inbound,4102,0
887,8,2,Outbound,6203,8
449,2,1,Outbound,6604,32
1931,15,2,Inbound,6402,40
2276,11,2,Outbound,6601,2
1178,16,3,Inbound,6603,18
1313,35,2,Inbound,1011,74
348,7,3,Inbound,4102,0
1475,2,1,Outbound,4101,32
1620,28,1,Outbound,4221,12
24,2,1,Outbound,6604,32
136,8,1,Inbound,6202,33
932,10,1,Inbound,6803,7
1693,5,1,Inbound,6011,22
705,33,3,Outbound,6603,23
1399,1,1,Outbound,1201,34
2117,36,3,Inbound,4131,75
3,2,1,Outbound,6603,32
1844,12,3,Inbound,6002,24
910,10,1,Outbound,6804,28
2100,36,1,Inbound,4131,75
2161,18,3,Outbound,6801,15
2308,11,2,Inbound,6605,3
369,8,2,Inbound,6203,33
1523,2,1,Inbound,6604,41
1018,14,1,Outbound,6202,54
1589,7,1,Outbound,4111,4
328,7,3,Outbound,4101,4
972,13,1,Outbound,4404,69
1426,1,1,Inbound,1221,70
968,13,1,Outbound,6204,69
36,7,1,Outbound,4101,4
2381,14,2,Inbound,4403,72
957,10,1,Inbound,6804,7
1335,35,2,Inbound,1011,74
1970,17,1,Outbound,6701,10
1456,1,3,Inbound,1201,51
1317,35,2,Inbound,1011,74
504,10,2,Inbound,6002,7
1549,2,2,Inbound,6402,41
1103,16,1,Inbound,6604,18
2003,17,2,Inbound,6701,11
1148,16,2,Inbound,6605,18
1910,15,1,Inbound,6402,40
2384,18,3,Inbound,6802,27
63,7,1,Inbound,4102,0
2232,35,1,Outbound,1011,5
693,33,3,Outbound,6603,23
890,8,2,Inbound,4403,33
115,8,1,Outbound,6202,8
1989,17,1,Inbound,6701,11
1264,35,2,Outbound,1011,19
161,11,1,Inbound,9405,3
1890,14,1,Inbound,6203,67
499,10,2,Inbound,6003,7
984,13,1,Inbound,6201,21
1038,14,1,Inbound,4402,67
1577,5,3,Inbound,6003,22
260,7,2,Outbound,4101,4
1190,18,1,Outbound,6801,15
39,7,1,Outbound,4104,4
546,16,2,Outbound,6601,14
2349,13,2,Inbound,4402,21
1791,10,3,Inbound,6002,7
1878,13,3,Inbound,4401,21
2061,20,2,Inbound,9401,9
2420,39,1,Inbound,9927,44
1827,12,1,Inbound,6022,45
1599,7,1,Inbound,4122,0
388,8,3,Inbound,4401,33
1943,15,3,Outbound,6403,53
278,7,2,Outbound,4101,4
1442,1,2,Inbound,1201,51
1548,2,2,Inbound,6401,41
1414,1,1,Inbound,1211,70
2279,11,2,Outbound,6604,2
1724,9,1,Outbound,1211,17
511,12,2,Outbound,6002,20
945,10,1,Inbound,6804,7
244,2,3,Outbound,1201,32
344,7,3,Inbound,4102,0
196,14,1,Outbound,4406,54
881,8,2,Outbound,4404,8
1115,16,1,Inbound,6601,18
1952,15,3,Inbound,6402,40
542,16,2,Outbound,6602,14
541,16,1,Outbound,6601,42
862,29,1,Outbound,4404,59
1772,10,3,Outbound,6001,28
1445,1,2,Inbound,1202,51
1292,35,2,Outbound,1011,19
149,8,1,Inbound,6204,33
1969,17,1,Outbound,6701,10
1206,18,1,Outbound,6801,71
71,7,1,Inbound,4102,0
1275,35,2,Outbound,1012,19
2112,36,3,Outbound,4131,76
1860,13,3,Outbound,4404,43
1900,14,1,Inbound,6202,67
207,16,1,Outbound,6602,42
1513,2,1,Inbound,6604,41
2142,29,2,Outbound,4301,59
825,35,1,Inbound,1012,47
1711,9,1,Outbound,1202,17
1431,1,1,Inbound,1201,70
1826,12,1,Inbound,6001,45
1135,16,2,Inbound,6602,18
2355,13,2,Inbound,6204,21
573,16,3,Outbound,6603,14
1074,15,1,Outbound,6402,53
823,35,1,Inbound,1013,47
865,29,1,Inbound,4406,56
888,8,2,Outbound,4404,8
382,8,3,Outbound,4402,8
1083,15,1,Outbound,6421,58
313,7,3,Outbound,4102,4
259,7,2,Outbound,4102,4
2336,13,2,Outbound,4403,43
198,14,1,Outbound,4402,54
1654,5,2,Outbound,6001,1
2421,39,1,Inbound,9925,44
1634,28,1,Inbound,4201,13
432,14,2,Outbound,4404,48
1122,16,1,Inbound,6603,18
1849,12,3,Inbound,6001,24
2034,20,1,Inbound,9403,79
62,7,1,Inbound,4101,0
1448,1,2,Inbound,6403,51
1929,15,2,Inbound,6403,40
2038,20,1,Inbound,9403,9
715,33,3,Inbound,6604,78
926,10,1,Outbound,6821,28
392,8,3,Inbound,4401,33
2095,23,2,Outbound,9902,55
2417,39,1,Inbound,9916,44
917,10,1,Outbound,6803,28
2156,29,2,Inbound,4301,56
1663,5,2,Inbound,6001,22
1972,17,1,Outbound,6701,10
397,8,3,Inbound,4402,33
892,8,2,Inbound,4402,33
1035,14,1,Inbound,4402,67
1075,15,1,Outbound,6401,53
1997,17,2,Outbound,6701,10
1241,18,2,Inbound,6802,27
378,8,3,Outbound,4402,8
459,2,2,Outbound,1202,32
859,29,1,Outbound,6202,59
506,12,2,Outbound,6003,20
1297,35,2,Outbound,1012,19
121,8,1,Outbound,4404,8
742,35,1,Outbound,1012,5
2116,36,3,Inbound,4131,75
856,29,1,Outbound,4403,59
460,2,2,Outbound,1201,32
832,35,1,Inbound,1013,47
538,16,1,Outbound,6605,42
1820,12,1,Inbound,6001,24
1967,17,1,Outbound,6701,10
620,11,1,Outbound,9404,2
1138,16,2,Inbound,6605,18
2386,18,3,Inbound,6802,27
179,11,1,Inbound,9401,3
2303,11,2,Inbound,6605,3
1216,18,1,Inbound,6803,27
915,10,1,Outbound,6802,28
482,29,1,Inbound,6202,56
2382,18,3,Inbound,6802,27
600,11,1,Outbound,9405,2
192,14,1,Outbound,4403,54
1539,2,2,Inbound,6401,41
1086,15,1,Outbound,6422,53
379,8,3,Outbound,4403,8
353,8,2,Outbound,4403,8
1213,18,1,Inbound,6803,27
1680,5,1,Outbound,6001,1
45,7,1,Outbound,4102,4
2147,29,2,Inbound,4301,56
1622,28,1,Outbound,4221,12
2122,16,3,Inbound,6601,80
1770,10,3,Outbound,6002,28
1055,14,2,Inbound,6201,72
567,16,2,Outbound,6603,14
1768,9,2,Inbound,1202,16
1651,5,2,Outbound,6001,1
1939,15,2,Inbound,6401,40
1385,37,1,Inbound,9901,35
1566,5,3,Outbound,6001,1
2404,39,1,Outbound,9917,39
258,7,2,Outbound,4101,4
1562,5,3,Outbound,6003,1
1499,2,1,Inbound,6602,41
1650,5,2,Outbound,6003,1
1262,35,2,Outbound,1011,19
889,8,2,Outbound,6202,8
216,16,1,Outbound,6605,42
822,35,1,Inbound,1012,47
289,7,2,Inbound,4102,0
1850,12,3,Inbound,6002,24
14,2,1,Outbound,6604,32
1484,2,1,Outbound,4102,32
1856,13,1,Inbound,6203,21
167,11,1,Inbound,9402,3
332,7,3,Inbound,4102,0
1955,15,3,Inbound,6402,40
2288,11,2,Outbound,6603,2
1441,1,2,Inbound,1202,51
1602,7,1,Inbound,4121,0
1101,16,1,Inbound,6602,18
1119,16,1,Inbound,6605,18
1244,18,2,Inbound,6801,27
478,29,1,Outbound,4405,59
1085,15,1,Outbound,6412,53
861,29,1,Outbound,4402,59
1237,18,2,Outbound,6802,15
1845,12,3,Inbound,6003,24
1619,28,1,Outbound,4201,12
91,7,1,Inbound,4102,0
522,12,2,Inbound,6001,24
1471,2,1,Outbound,4101,32
611,11,1,Outbound,9405,2
1219,18,1,Inbound,6803,27
2149,29,2,Inbound,4301,56
1234,18,2,Outbound,6801,15
56,7,1,Outbound,4101,4
358,8,2,Outbound,4404,8
252,2,3,Outbound,1201,32
991,13,1,Inbound,4407,21
1906,15,1,Inbound,6402,40
209,16,1,Outbound,6601,42
1995,17,2,Outbound,6701,10
1954,15,3,Inbound,6401,40
803,35,1,Inbound,1011,47
2121,36,2,Outbound,4131,76
54,7,1,Outbound,4101,4
269,7,2,Outbound,4102,4
956,10,1,Inbound,6803,7
555,16,2,Outbound,6605,14
1730,9,1,Inbound,1201,66
1440,1,2,Inbound,1201,51
1303,35,2,Inbound,1011,74
1408,1,1,Outbound,1222,34
1927,15,2,Inbound,6401,40
1673,5,1,Outbound,6002,1
365,8,2,Inbound,4404,33
1331,35,2,Inbound,1011,74
1592,7,1,Outbound,4121,4
308,7,2,Inbound,4101,0
2076,20,3,Outbound,9401,36
1658,5,2,Inbound,6002,22
921,10,1,Outbound,6802,28
1793,12,1,Outbound,6011,52
2155,29,2,Inbound,4301,56
2389,18,3,Inbound,6801,27
1338,35,2,Inbound,1012,74
2130,11,1,Inbound,9402,3
1754,9,2,Outbound,1202,17
1881,13,3,Inbound,4404,21
1174,16,3,Inbound,6603,18
42,7,1,Outbound,4103,4
1884,14,1,Outbound,4403,54
298,7,2,Inbound,4101,0
985,13,1,Inbound,4401,21
16,2,1,Outbound,6601,32
1112,16,1,Inbound,6603,18
1490,2,1,Inbound,4102,41
2392,18,3,Inbound,6802,27
1268,35,2,Outbound,1011,19
116,8,1,Outbound,6203,8
1920,15,1,Inbound,6402,40
963,13,1,Outbound,4401,69
1139,16,2,Inbound,6601,18
1308,35,2,Inbound,1012,74
480,29,1,Inbound,4407,56
1707,5,1,Inbound,6021,22
1277,35,2,Outbound,1012,19
1897,14,1,Inbound,4406,67
1756,9,2,Outbound,1202,17
1868,13,3,Outbound,4404,43
1636,28,1,Inbound,4221,13
1703,5,1,Inbound,6001,22
1099,15,2,Outbound,6403,53
961,33,3,Inbound,6602,78
151,8,1,Inbound,4402,33
1377,21,1,Inbound,9912,31
560,16,2,Outbound,6605,14
801,35,1,Inbound,1012,47
1855,13,1,Inbound,6202,21
468,29,1,Outbound,4407,59
1394,1,1,Outbound,1202,34
406,10,2,Outbound,6002,28
1370,21,1,Outbound,9921,29
2371,14,2,Inbound,4402,72
96,8,1,Outbound,4401,8
1158,16,2,Inbound,6605,18
61,7,1,Outbound,4101,4
549,16,2,Outbound,6604,14
175,11,1,Inbound,9405,3
477,29,1,Outbound,4403,59
707,33,3,Outbound,6601,23
474,29,1,Outbound,6201,59
495,10,2,Inbound,6002,7
1915,15,1,Inbound,6401,40
1146,16,2,Inbound,6603,18
57,7,1,Outbound,4102,4
692,33,3,Outbound,6602,23
2070,20,2,Inbound,9402,9
2218,35,1,Inbound,1011,47
350,8,2,Outbound,4402,8
954,10,1,Inbound,6802,7
1136,16,2,Inbound,6603,18
1894,14,1,Inbound,4403,67
2415,39,1,Inbound,9917,44
1699,5,1,Inbound,6001,22
1187,16,3,Inbound,6604,18
1717,9,1,Outbound,1202,17
2088,23,3,Outbound,9901,55
1586,7,1,Outbound,4102,4
1082,15,1,Outbound,6402,58
619,11,1,Outbound,9401,2
2400,21,1,Outbound,9901,29
1893,14,1,Inbound,4402,67
1695,5,1,Inbound,6001,22
1585,5,3,Inbound,6002,22
1218,18,1,Inbound,6802,27
462,2,2,Outbound,1201,32
989,13,1,Inbound,4405,21
1719,9,1,Outbound,1202,17
2075,20,3,Outbound,9401,36
2072,20,3,Outbound,9401,37
479,29,1,Outbound,4407,59
1950,15,3,Outbound,6401,53
2091,23,2,Outbound,9901,55
185,13,1,Outbound,4404,69
830,35,1,Inbound,1011,47
1936,15,2,Inbound,6401,40
2053,20,2,Outbound,9402,36
2052,20,2,Outbound,9402,36
534,16,1,Outbound,6602,42
2323,11,2,Inbound,6605,3
1603,7,1,Inbound,4122,0
1776,10,3,Outbound,6002,28
1519,2,1,Inbound,6602,41
1544,2,2,Inbound,6403,41
2046,20,1,Inbound,9405,9
184,11,1,Inbound,9404,3
2071,20,2,Inbound,9402,9
73,7,1,Inbound,4104,0
590,23,3,Inbound,9901,26
403,10,2,Outbound,6002,28
1598,7,1,Inbound,4121,0
716,33,3,Inbound,6601,78
1483,2,1,Outbound,4101,32
129,8,1,Inbound,4402,33
1065,14,3,Inbound,4404,72
1656,5,2,Inbound,6003,22
745,35,1,Outbound,1012,5
383,8,3,Outbound,4403,8
1039,14,1,Inbound,4404,67
1002,13,2,Inbound,4404,21
593,23,3,Inbound,9901,26
1959,15,3,Inbound,6403,40
515,12,2,Outbound,6003,20
818,35,1,Inbound,1011,47
203,16,1,Outbound,6604,42
1427,1,1,Inbound,1201,70
1460,1,3,Inbound,1201,51
2159,18,3,Outbound,6801,15
543,16,2,Outbound,6603,14
613,11,1,Outbound,9404,2
112,8,1,Outbound,4406,8
622,23,2,Inbound,9901,26
1020,14,1,Outbound,6204,54
145,8,1,Inbound,4407,33
2033,20,1,Inbound,9402,79
1528,2,1,Inbound,4101,41
1891,14,1,Inbound,6204,67
1487,2,1,Inbound,6601,41
1606,7,2,Outbound,4102,4
895,8,2,Inbound,6204,33
701,33,3,Outbound,6603,23
1,2,1,Outbound,6601,32
776,35,1,Outbound,1013,5
2391,18,3,Inbound,6801,27
1084,15,1,Outbound,6411,53
1204,18,1,Outbound,6804,15
1843,12,3,Inbound,6001,24
322,7,3,Outbound,4101,4
937,10,1,Inbound,6804,7
539,16,1,Outbound,6602,42
384,8,3,Outbound,4404,8
898,8,2,Inbound,6201,33
1311,35,2,Inbound,1011,74
2154,29,2,Inbound,4301,56
1879,13,3,Inbound,4402,21
1808,12,1,Outbound,6002,52
1735,9,1,Inbound,1202,66
603,11,1,Outbound,9402,2
461,2,2,Outbound,1202,32
214,16,1,Outbound,6601,42
55,7,1,Outbound,4102,4
1418,1,1,Inbound,1211,70
268,7,2,Outbound,4101,4
1314,35,2,Inbound,1012,74
1374,21,1,Outbound,9921,29
7,2,1,Outbound,6602,32
81,7,1,Inbound,4104,0
1713,9,1,Outbound,1202,17
1153,16,2,Inbound,6605,18
2347,13,2,Inbound,4405,21
324,7,3,Outbound,4101,4
1751,9,2,Outbound,1201,17
436,14,2,Outbound,6203,48
2372,14,2,Inbound,4403,72
2340,13,2,Outbound,6203,43
1859,13,3,Outbound,4403,43
2422,39,1,Inbound,9926,44
2160,18,3,Outbound,6802,15
1173,16,3,Inbound,6602,18
1375,38,1,Outbound,9924,30
299,7,2,Inbound,4102,0
1253,35,2,Outbound,1012,19
336,7,3,Inbound,4102,0
1803,12,1,Outbound,6022,52
1283,35,2,Outbound,1012,19
867,29,1,Inbound,6203,56
1660,5,2,Inbound,6001,22
368,8,2,Inbound,6201,33
702,33,3,Outbound,6604,23
1796,12,1,Outbound,6001,52
1631,28,1,Inbound,4201,13
221,1,2,Outbound,6403,34
2388,18,3,Inbound,6802,27
1061,14,3,Inbound,4404,72
1515,2,1,Inbound,6605,41
1003,13,2,Inbound,4401,21
525,12,2,Inbound,6001,24
2227,35,1,Outbound,1012,5
111,8,1,Outbound,4405,8
1304,35,2,Inbound,1012,74
208,16,1,Outbound,6604,42
2413,39,1,Inbound,9915,44
1493,2,1,Inbound,6604,41
1459,1,3,Inbound,1201,51
130,8,1,Inbound,4403,33
2056,20,2,Outbound,9401,36
2004,17,2,Inbound,6701,11
1990,17,1,Inbound,6701,11
1846,12,3,Inbound,6001,24
1198,18,1,Outbound,6803,15
1851,12,3,Inbound,6003,24
1392,1,1,Outbound,1202,34
267,7,2,Outbound,4102,4
1165,16,3,Inbound,6602,18
900,8,2,Inbound,4404,33
1145,16,2,Inbound,6602,18
108,8,1,Outbound,4402,8
1129,16,1,Inbound,6605,18
1164,16,3,Inbound,6601,18
990,13,1,Inbound,4406,21
905,10,1,Outbound,6803,28
1341,35,2,Inbound,1011,74
574,16,3,Outbound,6604,14
928,10,1,Outbound,6804,28
1652,5,2,Outbound,6002,1
2119,36,1,Outbound,4131,76
29,7,1,Outbound,4102,4
591,23,3,Inbound,9901,26
2289,11,2,Outbound,6604,2
1822,12,1,Inbound,6001,45
2321,11,2,Inbound,6603,3
1500,2,1,Inbound,4103,41
1518,2,1,Inbound,4104,41
212,16,1,Outbound,6602,42
814,35,1,Inbound,1013,47
347,7,3,Inbound,4101,0
1461,1,3,Inbound,1201,51
1971,17,1,Outbound,6701,10
2395,23,3,Inbound,9902,26
1120,16,1,Inbound,6601,18
361,8,2,Outbound,6201,8
2106,36,2,Outbound,4131,76
804,35,1,Inbound,1012,47
1274,35,2,Outbound,1011,19
922,10,1,Outbound,6804,28
1908,15,1,Inbound,6401,40
1495,2,1,Inbound,6605,41
1496,2,1,Inbound,4101,41
1087,15,1,Outbound,6421,53
806,35,1,Inbound,1011,47
97,8,1,Outbound,4402,8
2313,11,2,Inbound,6605,3
1786,10,3,Inbound,6003,7
953,10,1,Inbound,6821,7
1733,9,1,Inbound,1202,66
1329,35,2,Inbound,1011,74
942,10,1,Inbound,6802,7
1748,9,2,Outbound,1202,17
230,1,2,Outbound,6403,34
1036,14,1,Inbound,4406,67
2006,17,2,Inbound,6701,11
927,10,1,Outbound,6802,28
2326,11,2,Inbound,6603,3
1433,1,1,Inbound,6604,82
1478,2,1,Outbound,4104,32
2062,20,2,Inbound,9401,9
557,16,2,Outbound,6602,14
1072,15,1,Outbound,6402,53
1814,12,1,Inbound,6002,45
1593,7,1,Outbound,4122,4
606,11,1,Outbound,9404,2
37,7,1,Outbound,4102,4
1940,15,3,Outbound,6403,53
1794,12,1,Outbound,6002,52
1554,2,3,Inbound,6401,41
608,11,1,Outbound,9401,2
1410,1,1,Outbound,1202,34
173,11,1,Inbound,9403,3
220,7,1,Outbound,4111,4
1743,9,1,Inbound,1222,66
2183,35,1,Inbound,1012,47
1817,12,1,Inbound,6002,24
94,7,1,Inbound,4101,0
105,8,1,Outbound,6203,8
266,7,2,Outbound,4101,4
1004,13,2,Inbound,4403,21
1382,21,1,Inbound,9902,31
1182,16,3,Inbound,6603,18
2018,20,1,Outbound,9404,64
2123,7,1,Outbound,4112,4
1189,18,1,Outbound,6803,15
941,10,1,Inbound,6804,7
2007,17,2,Inbound,6701,11
1150,16,2,Inbound,6602,18
2363,14,2,Outbound,6203,48
1152,16,2,Inbound,6604,18
11,2,1,Outbound,6601,32
321,7,3,Outbound,4102,4
1501,2,1,Inbound,6603,41
1934,15,2,Inbound,6402,40
1280,35,2,Outbound,1011,19
2423,39,1,Inbound,9927,44
83,7,1,Inbound,4102,0
2324,11,2,Inbound,6601,3
385,8,3,Outbound,4401,8
718,33,3,Inbound,6603,78
2103,36,1,Outbound,4131,76
48,7,1,Outbound,4101,4
1444,1,2,Inbound,1201,51
407,10,2,Outbound,6003,28
1988,17,1,Inbound,6701,11
1617,28,1,Outbound,4201,12
1024,14,1,Outbound,4404,54
2066,20,2,Inbound,9401,9
375,8,2,Inbound,6201,33
2379,14,2,Inbound,4401,72
251,2,3,Outbound,1201,32
741,35,1,Outbound,1011,5
1225,18,1,Inbound,6804,27
1053,14,2,Inbound,6202,72
1714,9,1,Outbound,1201,17
277,7,2,Outbound,4102,4
1635,28,1,Inbound,4221,13
713,33,3,Inbound,6602,78
1466,2,1,Outbound,4104,32
1156,16,2,Inbound,6603,18
958,33,3,Outbound,6602,23
2172,23,3,Outbound,9902,55
300,7,2,Inbound,4101,0
1551,2,3,Inbound,6401,41
1232,18,2,Outbound,6801,15
1141,16,2,Inbound,6603,18
919,10,1,Outbound,6801,28
183,11,1,Inbound,9401,3
162,11,1,Inbound,9403,3
512,12,2,Outbound,6003,20
249,2,3,Outbound,1201,32
586,16,3,Outbound,6604,14
34,7,1,Outbound,4103,4
1291,35,2,Outbound,1012,19
607,11,1,Outbound,9403,2
2041,20,1,Inbound,9405,9
290,7,2,Inbound,4101,0
1644,5,2,Outbound,6003,1
1052,14,2,Inbound,4404,72
335,7,3,Inbound,4101,0
1257,35,2,Outbound,1012,19
1514,2,1,Inbound,4102,41
1671,5,1,Outbound,6001,1
1287,35,2,Outbound,1012,19
455,2,2,Outbound,1202,32
315,7,3,Outbound,4102,4
595,11,1,Outbound,9405,2
1193,18,1,Outbound,6801,15
2171,23,3,Outbound,9902,55
1628,28,1,Inbound,4211,13
2170,23,3,Outbound,9902,55
1063,14,3,Inbound,4402,72
1838,12,3,Outbound,6001,20
1211,18,1,Inbound,6801,27
2294,11,2,Outbound,6604,2
805,35,1,Inbound,1013,47
743,35,1,Outbound,1013,5
163,11,1,Inbound,9404,3
1637,28,1,Inbound,4221,13
318,7,3,Outbound,4101,4
466,2,2,Outbound,6403,32
1415,1,1,Inbound,1202,70
544,16,2,Outbound,6604,14
1366,37,1,Outbound,9902,38
2380,14,2,Inbound,4402,72
2105,36,2,Outbound,4131,76
245,2,3,Outbound,1201,32
446,14,3,Outbound,4404,48
1154,16,2,Inbound,6601,18
2281,11,2,Outbound,6601,2
1889,14,1,Inbound,6202,67
975,13,1,Outbound,6203,69
1976,17,1,Outbound,6701,10
20,2,1,Outbound,6605,32
49,7,1,Outbound,4102,4
1247,18,2,Inbound,6802,27
2144,29,2,Outbound,4301,59
974,13,1,Outbound,6201,69
615,11,1,Outbound,9401,2
1162,16,3,Outbound,6604,14
853,29,1,Outbound,6201,59
700,33,3,Outbound,6602,23
1143,16,2,Inbound,6605,18
1233,18,2,Outbound,6802,15
1596,7,1,Inbound,4102,0
1574,5,3,Inbound,6003,22
1462,1,3,Inbound,1201,51
820,35,1,Inbound,1013,47
1805,12,1,Outbound,6021,52
1694,5,1,Inbound,6002,22
1300,35,2,Inbound,1012,74
390,8,3,Inbound,4403,33
2134,20,1,Outbound,9405,64
2180,35,1,Inbound,1011,47
2405,39,1,Outbound,9915,39
757,35,1,Outbound,1012,5
301,7,2,Inbound,4102,0
1409,1,1,Outbound,1221,34
346,7,3,Inbound,4102,0
1472,2,1,Outbound,4102,32
1590,7,1,Outbound,4121,4
1689,5,1,Inbound,6011,22
1904,15,1,Inbound,6401,40
1536,2,1,Inbound,6602,41
1015,14,1,Outbound,6604,54
1681,5,1,Outbound,6002,1
35,7,1,Outbound,4104,4
1188,18,1,Outbound,6802,15
1533,2,1,Inbound,6604,41
1337,35,2,Inbound,1011,74
12,2,1,Outbound,6602,32
706,33,3,Outbound,6604,23
1854,13,1,Outbound,6204,69
1769,10,3,Outbound,6001,28
1564,5,3,Outbound,6002,1
1340,35,2,Inbound,1012,74
2411,39,1,Outbound,9926,57
1935,15,2,Inbound,6403,40
1105,16,1,Inbound,6601,18
594,11,1,Outbound,9401,2
448,14,3,Outbound,4402,48
1525,2,1,Inbound,6605,41
411,13,2,Outbound,4401,43
1963,15,3,Inbound,6401,65
1630,28,1,Inbound,4201,13
722,33,3,Inbound,6603,78
911,10,1,Outbound,6803,28
1240,18,2,Inbound,6801,27
373,8,2,Inbound,6202,33
1278,35,2,Outbound,1011,19
1867,13,3,Outbound,4403,43
1812,12,1,Inbound,6001,45
1857,13,1,Inbound,6204,21
58,7,1,Outbound,4101,4
527,12,2,Inbound,6003,24
1537,2,1,Inbound,6603,41
943,10,1,Inbound,6804,7
1848,12,3,Inbound,6003,24
114,8,1,Outbound,6201,8
2290,11,2,Outbound,6605,2
863,29,1,Outbound,4406,59
90,7,1,Inbound,4101,0
1245,18,2,Inbound,6802,27
2090,23,2,Outbound,9901,55
565,16,2,Outbound,6605,14
907,10,1,Outbound,6801,28
2179,35,1,Inbound,1012,47
1983,17,1,Inbound,6701,11
2394,23,3,Inbound,9902,26
750,35,1,Outbound,1011,5
2030,20,1,Outbound,9402,64
1792,12,1,Outbound,6001,52
1568,5,3,Outbound,6003,1
519,12,2,Inbound,6001,24
1811,12,1,Inbound,6012,46
2168,18,3,Outbound,6802,15
201,14,1,Outbound,4403,54
227,1,2,Outbound,6403,34
1239,18,2,Inbound,6802,27
1627,28,1,Inbound,4211,13
1914,15,1,Inbound,6402,40
1288,35,2,Outbound,1011,19
1669,5,1,Outbound,6002,1
510,12,2,Outbound,6001,20
561,16,2,Outbound,6601,14
434,14,2,Outbound,6204,48
537,16,1,Outbound,6603,42
1202,18,1,Outbound,6811,15
601,11,1,Outbound,9401,2
43,7,1,Outbound,4104,4
866,29,1,Inbound,6201,56
1701,5,1,Inbound,6001,22
617,11,1,Outbound,9401,2
719,33,3,Inbound,6604,78
584,16,3,Outbound,6602,14
122,8,1,Outbound,6204,8
1529,2,1,Inbound,6602,41
2318,11,2,Inbound,6605,3
364,8,2,Inbound,4402,33
513,12,2,Outbound,6001,20
1222,18,1,Inbound,6812,27
2051,20,2,Outbound,9402,36
213,16,1,Outbound,6604,42
2274,37,1,Inbound,9924,35
1168,16,3,Inbound,6601,18
1378,21,1,Inbound,9913,31
1575,5,3,Inbound,6001,22
1284,35,2,Outbound,1011,19
2403,39,1,Outbound,9916,39
276,7,2,Outbound,4101,4
874,29,1,Inbound,4402,56
1951,15,3,Outbound,6402,58
552,16,2,Outbound,6602,14
98,8,1,Outbound,4403,8
2,2,1,Outbound,6602,32
1491,2,1,Inbound,6603,41
1066,14,3,Inbound,4401,72
1937,15,2,Inbound,6402,40
2026,20,1,Outbound,9401,64
846,7,3,Outbound,4102,4
1295,35,2,Outbound,1012,19
2047,20,1,Inbound,9404,9
2152,29,2,Inbound,4301,56
977,13,1,Outbound,4403,69
291,7,2,Inbound,4102,0
1465,2,1,Outbound,4103,32
423,14,2,Outbound,4405,48
334,7,3,Inbound,4102,0
704,33,3,Outbound,6602,23
1672,5,1,Outbound,6011,1
1312,35,2,Inbound,1012,74
1877,13,3,Inbound,4404,21
405,10,2,Outbound,6001,28
1455,1,3,Inbound,1201,51
2344,13,2,Inbound,6202,21
864,29,1,Outbound,6201,59
1298,35,2,Outbound,1011,19
2129,11,1,Outbound,9404,2
1196,18,1,Outbound,6801,15
1698,5,1,Inbound,6002,22
1953,15,3,Inbound,6403,40
330,7,3,Inbound,4102,0
717,33,3,Inbound,6602,78
1543,2,2,Inbound,6402,41
2023,20,1,Outbound,9401,64
242,1,3,Outbound,6401,34
1819,12,1,Inbound,6002,24
135,8,1,Inbound,6201,33
1356,23,2,Inbound,9902,26
1896,14,1,Inbound,4405,67
1584,5,3,Inbound,6001,22
578,16,3,Outbound,6604,14
1407,1,1,Outbound,1221,34
275,7,2,Outbound,4102,4
1706,5,1,Inbound,6022,22
2358,14,2,Outbound,4402,48
1921,15,1,Inbound,6421,40
844,1,3,Outbound,6402,34
2077,20,3,Outbound,9401,36
1909,15,1,Inbound,6412,40
1956,15,3,Inbound,6403,40
752,35,1,Outbound,1013,5
1114,16,1,Inbound,6605,18
1429,1,1,Inbound,1202,70
398,8,3,Inbound,4403,33
2375,14,2,Inbound,6202,72
1746,9,2,Outbound,1202,17
1492,2,1,Inbound,4103,41
1744,9,1,Inbound,1221,66
764,35,1,Outbound,1013,5
128,8,1,Inbound,4401,33
1638,28,1,Inbound,4221,13
995,13,1,Inbound,6204,21
339,7,3,Inbound,4101,0
997,13,1,Inbound,4402,21
950,10,1,Inbound,6803,7
281,7,2,Outbound,4101,4
28,2,1,Outbound,6603,32
144,8,1,Inbound,4406,33
72,7,1,Inbound,4103,0
1019,14,1,Outbound,6203,54
1764,9,2,Inbound,1202,16
1665,5,2,Inbound,6003,22
1757,9,2,Inbound,1201,16
1044,14,2,Inbound,4402,72
1591,7,1,Outbound,4122,4
1488,2,1,Inbound,4101,41
860,29,1,Outbound,6204,59
1682,5,1,Outbound,6001,1
712,33,3,Inbound,6601,78
1653,5,2,Outbound,6003,1
1368,21,1,Outbound,9902,29
709,33,3,Inbound,6602,78
386,8,3,Outbound,4402,8
965,13,1,Outbound,4405,69
2176,35,1,Inbound,1011,47
502,10,2,Inbound,6003,7
885,8,2,Outbound,4403,8
1926,15,1,Inbound,6422,65
1437,1,2,Inbound,1202,51
320,7,3,Outbound,4101,4
936,10,1,Inbound,6802,7
1028,14,1,Outbound,6201,54
1930,15,2,Inbound,6401,40
518,12,2,Inbound,6003,24
1227,18,1,Inbound,6821,61
178,11,1,Inbound,9402,3
2055,20,2,Outbound,9402,36
1642,8,2,Outbound,6204,8
1041,14,1,Inbound,6201,67
1124,16,1,Inbound,6605,18
256,7,2,Outbound,4101,4
2370,14,2,Inbound,4401,72
913,10,1,Outbound,6801,28
1923,15,1,Inbound,6422,40
1056,14,3,Outbound,4403,48
559,16,2,Outbound,6604,14
944,10,1,Inbound,6803,7
2151,29,2,Inbound,4301,56
140,8,1,Inbound,4402,33
1721,9,1,Outbound,1202,17
1788,10,3,Inbound,6002,7
2019,20,1,Outbound,9401,64
1902,14,2,Inbound,4403,73
540,16,1,Outbound,6604,42
1260,35,2,Outbound,1011,19
2143,29,2,Outbound,4301,59
274,7,2,Outbound,4101,4
1402,1,1,Outbound,1202,34
1994,17,2,Outbound,6701,10
1588,7,1,Outbound,4102,4
1207,18,1,Outbound,6812,71
159,11,1,Inbound,9405,3
931,10,1,Inbound,6804,7
827,35,1,Inbound,1011,47
1804,12,1,Outbound,6002,52
186,13,1,Outbound,4406,69
2044,20,1,Inbound,9404,9
1175,16,3,Inbound,6604,18
1964,17,1,Outbound,6701,10
1647,5,2,Outbound,6003,1
485,29,1,Inbound,4404,56
2073,20,3,Outbound,9401,36
1327,35,2,Inbound,1011,74
1787,10,3,Inbound,6001,7
1613,28,1,Outbound,4211,12
1236,18,2,Outbound,6801,15
1137,16,2,Inbound,6604,18
243,2,3,Outbound,1201,32
802,35,1,Inbound,1013,47
75,7,1,Inbound,4102,0
1209,18,1,Inbound,6802,27
1486,2,1,Inbound,6605,41
40,7,1,Outbound,4101,4
909,10,1,Outbound,6802,28
1092,15,2,Outbound,6402,53
1214,18,1,Inbound,6801,27
952,10,1,Inbound,6801,7
1422,1,1,Inbound,1201,70
2305,11,2,Inbound,6602,3
1477,2,1,Outbound,4103,32
1583,5,3,Inbound,6003,22
1243,18,2,Inbound,6802,27
180,11,1,Inbound,9403,3
2341,13,2,Outbound,6204,43
918,10,1,Outbound,6804,28
1885,14,1,Outbound,4405,54
507,12,2,Outbound,6001,20
1616,28,1,Outbound,4201,12
2387,18,3,Inbound,6801,27
1887,14,1,Inbound,4404,67
536,16,1,Outbound,6601,42
1771,10,3,Outbound,6003,28
699,33,3,Outbound,6601,23
1542,2,2,Inbound,6401,41
1728,9,1,Inbound,1201,66
924,10,1,Outbound,6822,28
1397,1,1,Outbound,1201,34
582,16,3,Outbound,6604,14
292,7,2,Inbound,4101,0
1344,35,2,Inbound,1012,74
1517,2,1,Inbound,6601,41
2378,14,2,Inbound,4405,72
1830,12,3,Outbound,6002,20
190,13,1,Outbound,4403,69
2319,11,2,Inbound,6601,3
2087,23,3,Outbound,9901,55
282,7,2,Inbound,4101,0
1320,35,2,Inbound,1012,74
1062,14,3,Inbound,4401,72
352,8,2,Outbound,4401,8
1506,2,1,Inbound,4102,41
1228,18,2,Outbound,6801,15
189,13,1,Outbound,4401,69
720,33,3,Inbound,6601,78
1925,15,1,Inbound,6401,40
1961,15,3,Inbound,6402,40
1555,2,3,Inbound,6402,41
1404,1,1,Outbound,1211,34
1870,13,3,Outbound,4402,43
1449,1,2,Inbound,6403,51
1828,12,1,Inbound,6002,45
2266,35,1,Outbound,1011,5
1396,1,1,Outbound,1202,34
2082,20,3,Inbound,9401,9
1911,15,1,Inbound,6401,40
1604,7,2,Outbound,4102,4
2301,11,2,Outbound,6604,2
422,13,2,Outbound,4404,43
1226,18,1,Inbound,6803,61
1118,16,1,Inbound,6604,18
1123,16,1,Inbound,6604,18
310,7,3,Outbound,4101,4
1282,35,2,Outbound,1011,19
2045,20,1,Inbound,9403,9
1111,16,1,Inbound,6602,18
1290,35,2,Outbound,1011,19
95,8,1,Outbound,4405,8
2080,20,3,Inbound,9401,9
1916,15,1,Inbound,6402,40
1639,28,1,Inbound,4221,13
1778,10,3,Outbound,6001,28
1992,17,2,Outbound,6701,10
532,16,1,Outbound,6603,42
2292,11,2,Outbound,6602,2
1191,18,1,Outbound,6802,15
174,11,1,Inbound,9402,3
602,11,1,Outbound,9405,2
1000,13,1,Inbound,4401,21
2216,35,1,Inbound,1011,47
41,7,1,Outbound,4102,4
307,7,2,Inbound,4101,0
618,11,1,Outbound,9405,2
835,35,1,Inbound,1013,47
851,7,3,Inbound,4102,0
596,11,1,Outbound,9402,2
2306,11,2,Inbound,6603,3
761,35,1,Outbound,1013,5
2322,11,2,Inbound,6604,3
946,10,1,Inbound,6801,7
452,2,2,Outbound,1201,32
1081,15,1,Outbound,6401,53
612,11,1,Outbound,9402,2
1417,1,1,Inbound,1201,70
564,16,2,Outbound,6604,14
1210,18,1,Inbound,6803,27
1217,18,1,Inbound,6801,27
153,8,1,Inbound,4404,33
1095,15,2,Outbound,6402,53
500,10,2,Inbound,6001,7
471,29,1,Outbound,4402,59
293,7,2,Inbound,4102,0
338,7,3,Inbound,4102,0
1614,28,1,Outbound,4211,12
1480,2,1,Outbound,4102,32
1981,17,1,Inbound,6701,11
938,10,1,Inbound,6803,7
394,8,3,Inbound,4403,33
2074,20,3,Outbound,9401,36
852,29,1,Outbound,4406,59
1688,5,1,Outbound,6021,1
85,7,1,Inbound,4104,0
1367,21,1,Outbound,9901,29
191,13,1,Outbound,4402,69
2124,7,1,Outbound,4112,4
1128,16,1,Inbound,6604,18
1687,5,1,Outbound,6022,1
587,16,3,Outbound,6601,14
393,8,3,Inbound,4402,33
1116,16,1,Inbound,6602,18
1907,15,1,Inbound,6411,40
899,8,2,Inbound,6203,33
1299,35,2,Inbound,1011,74
1343,35,2,Inbound,1011,74
2357,14,2,Outbound,4401,48
1306,35,2,Inbound,1012,74
1657,5,2,Inbound,6001,22
2083,20,3,Inbound,9401,9
265,7,2,Outbound,4102,4
2269,35,1,Outbound,1012,5
690,33,3,Outbound,6604,23
1835,12,3,Outbound,6001,20
1553,2,3,Inbound,6403,41
1766,9,2,Inbound,1202,16
1289,35,2,Outbound,1012,19
82,7,1,Inbound,4101,0
2031,20,1,Outbound,9403,64
1888,14,1,Inbound,4405,67
2353,13,2,Inbound,6202,21
778,35,1,Outbound,1012,5
1503,2,1,Inbound,6604,41
884,8,2,Outbound,4401,8
2408,39,1,Outbound,9926,57
1027,14,1,Outbound,4407,54
1094,15,2,Outbound,6401,53
1454,1,3,Inbound,1201,51
2393,18,3,Inbound,6801,27
302,7,2,Inbound,4101,0
998,13,1,Inbound,4403,21
1696,5,1,Inbound,6002,22
2365,14,2,Outbound,4405,48
807,35,1,Inbound,1012,47
424,14,2,Outbound,4402,48
1016,14,1,Outbound,4407,54
2317,11,2,Inbound,6604,3
1125,16,1,Inbound,6601,18
875,29,1,Inbound,4404,56
498,10,2,Inbound,6002,7
2373,14,2,Inbound,4404,72
1342,35,2,Inbound,1012,74
103,8,1,Outbound,6201,8
2230,35,1,Outbound,1011,5
2133,18,1,Inbound,6802,27
451,2,1,Outbound,6604,32
1960,15,3,Inbound,6401,40
1556,2,3,Inbound,6403,41
2011,17,2,Inbound,6701,11
1862,13,3,Outbound,4402,43
1510,2,1,Inbound,4104,41
1626,28,1,Inbound,4211,13
27,2,1,Outbound,6602,32
360,8,2,Outbound,6204,8
2401,37,1,Inbound,9901,35
1618,28,1,Outbound,4201,12
2135,20,1,Inbound,9405,9
1933,15,2,Inbound,6401,40
1580,5,3,Inbound,6003,22
554,16,2,Outbound,6604,14
1839,12,3,Outbound,6002,20
2287,11,2,Outbound,6602,2
1836,12,3,Outbound,6002,20
1273,35,2,Outbound,1012,19
1674,5,1,Outbound,6001,1
509,12,2,Outbound,6003,20
817,35,1,Inbound,1013,47
1526,2,1,Inbound,4104,41
1841,12,3,Inbound,6002,24
65,7,1,Inbound,4104,0
489,29,1,Inbound,4401,56
401,10,2,Outbound,6003,28
1033,14,1,Inbound,4405,67
319,7,3,Outbound,4102,4
2005,17,2,Inbound,6701,11
1547,2,2,Inbound,6403,41
93,7,1,Inbound,4101,0
1833,12,3,Outbound,6002,20
2226,35,1,Outbound,1011,5
1457,1,3,Inbound,1201,51
1170,16,3,Inbound,6603,18
1474,2,1,Outbound,4104,32
1709,5,1,Inbound,6021,22
2166,18,3,Outbound,6802,15
1270,35,2,Outbound,1011,19
283,7,2,Inbound,4102,0
880,8,2,Outbound,4402,8
1913,15,1,Inbound,6401,40
1428,1,1,Inbound,1222,70
2015,18,2,Outbound,6802,15
2058,20,2,Outbound,9401,36
2057,20,2,Outbound,9401,36
1601,7,1,Inbound,4122,0
598,11,1,Outbound,9403,2
2027,20,1,Outbound,9403,77
1715,9,1,Outbound,1202,17
1641,8,1,Inbound,4402,33
1928,15,2,Inbound,6402,40
987,13,1,Inbound,4403,21
1795,12,1,Outbound,6012,52
1333,35,2,Inbound,1011,74
577,16,3,Outbound,6603,14
1388,37,1,Inbound,9921,35
110,8,1,Outbound,4404,8
349,7,3,Inbound,4101,0
1866,13,3,Outbound,4402,43
811,35,1,Inbound,1013,47
488,29,1,Inbound,6203,56
2164,18,3,Outbound,6802,15
959,33,3,Outbound,6603,23
2362,14,2,Outbound,6202,48
1912,15,1,Inbound,6402,40
1780,10,3,Inbound,6003,7
1430,1,1,Inbound,1221,70
1029,14,1,Outbound,6202,54
828,35,1,Inbound,1012,47
1266,35,2,Outbound,1011,19
1677,5,1,Outbound,6002,1
838,35,1,Inbound,1013,47
746,35,1,Outbound,1013,5
1254,35,2,Outbound,1011,19
1023,14,1,Outbound,4403,54
962,33,3,Inbound,6603,78
1177,16,3,Inbound,6602,18
599,11,1,Outbound,9404,2
2146,29,2,Inbound,4301,56
21,2,1,Outbound,6601,32
1957,15,3,Inbound,6401,40
341,7,3,Inbound,4101,0
1479,2,1,Outbound,4101,32
850,7,3,Inbound,4101,0
1645,5,2,Outbound,6001,1
1821,12,1,Inbound,6002,24
980,13,1,Inbound,4402,21
170,11,1,Inbound,9404,3
127,8,1,Inbound,4405,33
1516,2,1,Inbound,4103,41
576,16,3,Outbound,6602,14
354,8,2,Outbound,6201,8
476,29,1,Outbound,4401,59
815,35,1,Inbound,1011,47
1251,35,2,Outbound,1012,19
2108,36,2,Inbound,4101,63
64,7,1,Inbound,4103,0
1823,12,1,Inbound,6022,45
1996,17,2,Outbound,6701,10
993,13,1,Inbound,6202,21
1898,14,1,Inbound,4407,67
978,13,1,Outbound,4405,69
2008,17,2,Inbound,6701,11
775,35,1,Outbound,1012,5
1242,18,2,Inbound,6801,27
1199,18,1,Outbound,6801,15
1646,5,2,Outbound,6002,1
1512,2,1,Inbound,4101,41
1731,9,1,Inbound,1202,66
1570,5,3,Outbound,6002,1
1625,28,1,Inbound,4211,13
1883,14,1,Outbound,4401,54
1401,1,1,Outbound,1201,34
1285,35,2,Outbound,1012,19
836,35,1,Inbound,1011,47
2229,35,1,Outbound,1012,5
1421,1,1,Inbound,1202,70
2036,20,1,Inbound,9401,9
1691,5,1,Inbound,6012,22
1316,35,2,Inbound,1012,74
1692,5,1,Inbound,6001,22
2367,14,2,Outbound,4402,48
89,7,1,Inbound,4102,0
2390,18,3,Inbound,6802,27
1104,16,1,Inbound,6605,18
1977,17,1,Inbound,6701,11
2089,23,2,Outbound,9901,55
222,1,2,Outbound,6401,34
871,29,1,Inbound,4407,56
1968,17,1,Outbound,6701,10
1662,5,2,Inbound,6003,22
1040,14,1,Inbound,4407,67
463,2,2,Outbound,1202,32
1938,15,2,Inbound,6403,40
264,7,2,Outbound,4101,4
2360,14,2,Outbound,4404,48
1810,12,1,Inbound,6002,46
912,10,1,Outbound,6804,28
1221,18,1,Inbound,6811,27
2132,11,1,Inbound,9403,3
2035,20,1,Inbound,9404,9
2001,17,2,Outbound,6701,10
589,16,3,Outbound,6603,14
724,33,3,Inbound,6601,78
547,16,2,Outbound,6602,14
1155,16,2,Inbound,6602,18
441,14,3,Outbound,4403,48
303,7,2,Inbound,4102,0
940,10,1,Inbound,6801,7
873,29,1,Inbound,6204,56
2397,23,3,Inbound,9902,26
969,13,1,Outbound,4402,69
1096,15,2,Outbound,6403,53
528,16,1,Outbound,6605,42
2092,23,2,Outbound,9901,55
241,1,3,Outbound,6403,34
834,35,1,Inbound,1012,47
67,7,1,Inbound,4102,0
847,7,3,Outbound,4101,4
1212,18,1,Inbound,6802,27
623,23,2,Inbound,9901,26
32,7,1,Outbound,4101,4
1559,2,3,Inbound,6403,41
1712,9,1,Outbound,1201,17
1412,1,1,Inbound,1212,70
2022,20,1,Outbound,9404,64
894,8,2,Inbound,6202,33
545,16,2,Outbound,6605,14
1485,2,1,Outbound,4103,32
1309,35,2,Inbound,1011,74
2383,18,3,Inbound,6801,27
2282,11,2,Outbound,6602,2
123,8,1,Outbound,4401,8
777,35,1,Outbound,1011,5
1389,37,1,Inbound,9902,50
1432,1,1,Inbound,1202,82
1359,23,2,Inbound,9902,26
799,35,1,Inbound,1013,47
2233,35,1,Outbound,1012,5
263,7,2,Outbound,4102,4
1203,18,1,Outbound,6821,15
1160,16,2,Inbound,6603,6
1924,15,1,Inbound,6402,40
1869,13,3,Outbound,4401,43
1534,2,1,Inbound,6605,41
376,8,2,Inbound,6203,33
829,35,1,Inbound,1013,47
284,7,2,Inbound,4101,0
200,14,1,Outbound,4401,54
340,7,3,Inbound,4102,0
408,10,2,Outbound,6001,28
1468,2,1,Outbound,4102,32
1142,16,2,Inbound,6604,18
329,7,3,Inbound,4101,0
925,10,1,Outbound,6801,28
1718,9,1,Outbound,1201,17
1149,16,2,Inbound,6601,18
809,35,1,Inbound,1011,47
438,14,3,Outbound,4404,48
723,33,3,Inbound,6604,78
1697,5,1,Inbound,6001,22
1565,5,3,Outbound,6003,1
1946,15,3,Outbound,6403,53
1546,2,2,Inbound,6402,41
1530,2,1,Inbound,4102,41
100,8,1,Outbound,4405,8
224,1,2,Outbound,6403,34
84,7,1,Inbound,4103,0
218,16,1,Outbound,6601,42
2312,11,2,Inbound,6604,3
2328,11,2,Inbound,6605,3
939,10,1,Inbound,6804,7
99,8,1,Outbound,4404,8
2118,36,1,Inbound,4131,75
1600,7,1,Inbound,4121,0
166,11,1,Inbound,9405,3
2020,20,1,Outbound,9402,64
1761,9,2,Inbound,1201,16
2300,11,2,Outbound,6605,2
143,8,1,Inbound,4405,33
1781,10,3,Inbound,6001,7
1861,13,3,Outbound,4401,43
2315,11,2,Inbound,6602,3
15,2,1,Outbound,6605,32
381,8,3,Outbound,4401,8
2039,20,1,Inbound,9401,9
440,14,3,Outbound,4402,48
487,29,1,Inbound,6201,56
711,33,3,Inbound,6604,78
2412,39,1,Outbound,9927,57
1750,9,2,Outbound,1202,17
1021,14,1,Outbound,4401,54
2050,20,2,Outbound,9401,37
202,14,1,Outbound,4401,62
1383,37,1,Inbound,9901,35
698,33,3,Outbound,6604,23
1581,5,3,Inbound,6001,22
1837,12,3,Outbound,6003,20
1319,35,2,Inbound,1011,74
1825,12,1,Inbound,6021,45
2021,20,1,Outbound,9403,64
33,7,1,Outbound,4102,4
1760,9,2,Inbound,1202,16
1121,16,1,Inbound,6602,18
2352,13,2,Inbound,6201,21
583,16,3,Outbound,6601,14
2350,13,2,Inbound,4403,21
2332,13,2,Outbound,6204,43
1918,15,1,Inbound,6401,40
138,8,1,Inbound,6204,33
1411,1,1,Outbound,1201,34
457,2,2,Outbound,1202,32
2396,23,3,Inbound,9902,26
169,11,1,Inbound,9403,3
1686,5,1,Outbound,6021,1
812,35,1,Inbound,1011,47
225,1,2,Outbound,6401,34
1293,35,2,Outbound,1012,19
120,8,1,Outbound,4403,8
1108,16,1,Inbound,6604,18
131,8,1,Inbound,4404,33
2298,11,2,Outbound,6603,2
1339,35,2,Inbound,1011,74
933,10,1,Inbound,6811,7
562,16,2,Outbound,6602,14
13,2,1,Outbound,6603,32
994,13,1,Inbound,6203,21
870,29,1,Inbound,4405,56
967,13,1,Outbound,6202,69
1224,18,1,Inbound,6821,27
1167,16,3,Inbound,6604,18
1716,9,1,Outbound,1201,17
1905,15,1,Inbound,6412,40
60,7,1,Outbound,4101,4
2293,11,2,Outbound,6603,2
1079,15,1,Outbound,6401,53
916,10,1,Outbound,6804,28
1816,12,1,Inbound,6001,45
981,13,1,Inbound,4404,21
1737,9,1,Inbound,1202,66
2067,20,2,Inbound,9402,9
1088,15,1,Outbound,6422,53
1179,16,3,Inbound,6604,18
88,7,1,Inbound,4101,0
1560,2,3,Inbound,6401,41
1416,1,1,Inbound,1212,70
1629,28,1,Inbound,4211,13
1042,14,2,Outbound,6403,48
2016,20,1,Outbound,9402,81
1259,35,2,Outbound,1012,19
1785,10,3,Inbound,6002,7
800,35,1,Inbound,1011,47
1229,18,2,Outbound,6802,15
553,16,2,Outbound,6603,14
273,7,2,Outbound,4102,4
2125,7,1,Inbound,4112,0
563,16,2,Outbound,6603,14
188,13,1,Outbound,6201,69
74,7,1,Inbound,4101,0
1255,35,2,Outbound,1012,19
304,7,2,Inbound,4101,0
744,35,1,Outbound,1011,5
25,2,1,Outbound,6605,32
395,8,3,Inbound,4404,33
1949,15,3,Outbound,6403,53
107,8,1,Outbound,4401,8
687,33,3,Outbound,6601,23
4,2,1,Outbound,6604,32
810,35,1,Inbound,1012,47
1723,9,1,Outbound,1212,17
2295,11,2,Outbound,6605,2
1452,1,3,Inbound,1201,51
949,10,1,Inbound,6804,7
1323,35,2,Inbound,1011,74
1582,5,3,Inbound,6002,22
1521,2,1,Inbound,6603,41
211,16,1,Outbound,6605,42
412,13,2,Outbound,4403,43
351,8,2,Outbound,4404,8
155,8,1,Inbound,4401,33
1984,17,1,Inbound,6701,11
621,23,2,Inbound,9901,26
445,14,3,Outbound,4403,48
355,8,2,Outbound,6203,8
1842,12,3,Inbound,6003,24
1742,9,1,Inbound,1211,66
2094,23,2,Outbound,9902,55
1563,5,3,Outbound,6001,1
982,13,1,Inbound,4406,21
118,8,1,Outbound,4401,8
1231,18,2,Outbound,6802,15
22,2,1,Outbound,6602,32
2081,20,3,Inbound,9401,9
2409,39,1,Outbound,9927,57
1181,16,3,Inbound,6602,18
1467,2,1,Outbound,4101,32
575,16,3,Outbound,6601,14
1667,5,2,Inbound,6002,22
2085,23,3,Outbound,9901,55
1387,37,1,Inbound,9922,35
2017,20,1,Outbound,9403,81
1013,13,2,Inbound,6203,21
1661,5,2,Inbound,6002,22
1829,12,1,Inbound,6001,45
935,10,1,Inbound,6812,7
2416,39,1,Inbound,9915,44
2165,18,3,Outbound,6801,15
492,29,1,Inbound,4407,56
2032,20,1,Inbound,9401,79
1334,35,2,Inbound,1012,74
2069,20,2,Inbound,9402,9
437,14,2,Outbound,4404,48
2114,18,2,Inbound,6801,27
311,7,3,Outbound,4102,4
1736,9,1,Inbound,1201,66
1384,37,1,Inbound,9902,35
1978,17,1,Inbound,6701,11
1991,17,2,Outbound,6701,10
2025,20,1,Outbound,9404,64
1305,35,2,Inbound,1011,74
1201,18,1,Outbound,6804,15
2327,11,2,Inbound,6604,3
1993,17,2,Outbound,6701,10
1527,2,1,Inbound,6601,41
1767,9,2,Inbound,1201,16
1948,15,3,Outbound,6402,53
1453,1,3,Inbound,1201,51
2275,11,2,Outbound,6605,2
1089,15,2,Outbound,6402,53
753,35,1,Outbound,1011,5
425,14,2,Outbound,4404,48
1403,1,1,Outbound,1201,34
1917,15,1,Inbound,6421,40
1871,13,3,Inbound,4402,21
1131,16,1,Inbound,6602,6
1078,15,1,Outbound,6402,53
6,2,1,Outbound,6601,32
754,35,1,Outbound,1012,5
154,8,1,Inbound,6204,33
2097,23,2,Outbound,9902,55
2068,20,2,Inbound,9402,9
1451,1,3,Inbound,1201,51
421,13,2,Outbound,6203,43
1966,17,1,Outbound,6701,10
1157,16,2,Inbound,6604,18
1439,1,2,Inbound,1202,51
233,1,3,Outbound,6401,34
1071,15,1,Outbound,6401,53
497,10,2,Inbound,6001,7
765,35,1,Outbound,1011,5
404,10,2,Outbound,6003,28
134,8,1,Inbound,4407,33
1762,9,2,Inbound,1202,16
2009,17,2,Inbound,6701,11
624,23,2,Inbound,9901,26
2037,20,1,Inbound,9402,9
999,13,1,Inbound,4404,21
1183,16,3,Inbound,6604,18
470,29,1,Outbound,6204,59
2284,11,2,Outbound,6604,2
23,2,1,Outbound,6603,32
464,2,2,Outbound,6403,32
316,7,3,Outbound,4101,4
1732,9,1,Inbound,1201,66
992,13,1,Inbound,6201,21
1852,13,1,Outbound,6202,69
569,16,3,Outbound,6603,14
1508,2,1,Inbound,4103,41
779,35,1,Outbound,1013,5
1269,35,2,Outbound,1012,19
1922,15,1,Inbound,6401,40
19,2,1,Outbound,6604,32
1315,35,2,Inbound,1011,74
1470,2,1,Outbound,4104,32
1060,14,3,Inbound,4403,72
904,8,3,Inbound,4404,33
1958,15,3,Inbound,6402,40
80,7,1,Inbound,4103,0
1702,5,1,Inbound,6002,22
1192,18,1,Outbound,6803,15
1504,2,1,Inbound,4101,41
152,8,1,Inbound,4403,33
327,7,3,Outbound,4102,4
976,13,1,Outbound,4401,69
1965,17,1,Outbound,6701,10
2110,36,2,Inbound,4131,75
2162,18,3,Outbound,6802,15
1765,9,2,Inbound,1201,16
896,8,2,Inbound,4401,33
770,35,1,Outbound,1013,5
2010,17,2,Inbound,6701,11
1752,9,2,Outbound,1202,17
721,33,3,Inbound,6602,78
1097,15,2,Outbound,6401,53
1815,12,1,Inbound,6012,45
604,11,1,Outbound,9405,2
1117,16,1,Inbound,6603,18
550,16,2,Outbound,6605,14
1360,37,1,Outbound,9902,83
1999,17,2,Outbound,6701,10
1263,35,2,Outbound,1012,19
367,8,2,Inbound,4403,33
571,16,3,Outbound,6601,14
1708,5,1,Inbound,6022,22
272,7,2,Outbound,4101,4
2351,13,2,Inbound,4404,21
696,33,3,Outbound,6602,23
826,35,1,Inbound,1013,47
1017,14,1,Outbound,6201,54
2418,39,1,Inbound,9925,44
1739,9,1,Inbound,1202,66
236,1,3,Outbound,6401,34
689,33,3,Outbound,6603,23
816,35,1,Inbound,1012,47
758,35,1,Outbound,1013,5
469,29,1,Outbound,6202,59
435,14,2,Outbound,6201,48
1775,10,3,Outbound,6001,28
1763,9,2,Inbound,1201,16
141,8,1,Inbound,4403,33
2410,39,1,Outbound,9925,57
2024,20,1,Outbound,9405,64
1438,1,2,Inbound,1201,51
1197,18,1,Outbound,6802,15
295,7,2,Inbound,4102,0
1919,15,1,Inbound,6422,40
1235,18,2,Outbound,6802,15
1774,10,3,Outbound,6003,28
1664,5,2,Inbound,6002,22
1458,1,3,Inbound,1201,51
1447,1,2,Inbound,1202,51
610,11,1,Outbound,9402,2
168,11,1,Inbound,9405,3
592,23,3,Inbound,9901,26
187,13,1,Outbound,4407,69
2343,13,2,Inbound,6201,21
2337,13,2,Outbound,4404,43
2163,18,3,Outbound,6801,15
1882,13,3,Inbound,4401,21
2096,23,2,Outbound,9902,55
1648,5,2,Outbound,6001,1
1345,35,2,Inbound,1011,74
903,8,3,Outbound,4404,8
8,2,1,Outbound,6603,32
1107,16,1,Inbound,6603,18
1497,2,1,Inbound,6601,41
877,29,1,Inbound,6201,56
1607,7,2,Inbound,4102,0
1166,16,3,Inbound,6603,18
2280,11,2,Outbound,6605,2
2060,20,2,Outbound,9401,36
751,35,1,Outbound,1012,5
1286,35,2,Outbound,1011,19
2115,36,3,Inbound,4131,75
1100,15,2,Outbound,6401,53
458,2,2,Outbound,1201,32
271,7,2,Outbound,4102,4
695,33,3,Outbound,6601,23
2296,11,2,Outbound,6601,2
374,8,2,Inbound,6204,33
1113,16,1,Inbound,6604,18
1230,18,2,Outbound,6801,15
1726,9,1,Outbound,1222,17
1301,35,2,Inbound,1011,74
2104,36,1,Outbound,4131,76
1759,9,2,Inbound,1201,16
1571,5,3,Outbound,6003,1
1799,12,1,Outbound,6002,20
964,13,1,Outbound,4403,69
2364,14,2,Outbound,6204,48
2345,13,2,Inbound,6203,21
1594,7,1,Inbound,4102,0
343,7,3,Inbound,4101,0
1522,2,1,Inbound,4102,41
257,7,2,Outbound,4102,4
76,7,1,Inbound,4103,0
947,10,1,Inbound,6804,7
1558,2,3,Inbound,6402,41
1296,35,2,Outbound,1011,19
400,10,2,Outbound,6002,28
857,29,1,Outbound,4405,59
868,29,1,Inbound,4401,56
496,10,2,Inbound,6003,7
1176,16,3,Inbound,6601,18
1434,1,1,Inbound,6604,82
2219,35,1,Inbound,1012,47
391,8,3,Inbound,4404,33
708,33,3,Inbound,6601,78
1875,13,3,Inbound,4402,21
2330,13,2,Outbound,6202,43
246,2,3,Outbound,1201,32
483,29,1,Inbound,6204,56
1330,35,2,Inbound,1012,74
255,7,2,Outbound,4102,4
1734,9,1,Inbound,1201,66
102,8,1,Outbound,4407,8
1666,5,2,Inbound,6001,22
1901,14,1,Inbound,6203,67
454,2,2,Outbound,1201,32
1876,13,3,Inbound,4403,21
517,12,2,Inbound,6002,24
1132,16,1,Inbound,6601,6
1133,16,1,Inbound,6601,60
901,8,2,Inbound,6202,33
1783,10,3,Inbound,6003,7
1623,28,1,Outbound,4221,12
1973,17,1,Outbound,6701,10
1745,9,1,Inbound,1222,66
2012,17,2,Inbound,6701,11
2136,29,2,Outbound,4301,59
47,7,1,Outbound,4104,4
1615,28,1,Outbound,4201,12
2079,20,3,Inbound,9401,9
317,7,3,Outbound,4102,4
1395,1,1,Outbound,1201,34
442,14,3,Outbound,4404,48
182,11,1,Inbound,9405,3
1605,7,2,Outbound,4102,4
2342,13,2,Outbound,4405,43
1494,2,1,Inbound,4104,41
535,16,1,Outbound,6604,42
1357,23,2,Inbound,9902,26
879,8,2,Outbound,4405,8
1675,5,1,Outbound,6002,1
1545,2,2,Inbound,6401,41
1068,14,3,Inbound,4403,72
5,2,1,Outbound,6605,32
1872,13,3,Inbound,4403,21
1169,16,3,Inbound,6602,18
1782,10,3,Inbound,6002,7
568,16,2,Outbound,6603,14
2013,18,1,Outbound,6803,15
1864,13,3,Outbound,4404,43
1740,9,1,Inbound,1201,66
1302,35,2,Inbound,1012,74
